Jahr Monat Tag RSK SDK TMK TXK TNK
2020 01 01    0  0.117   3.7  4.5   1.9
2020 01 02    0  1.767   0.9  1.9  -0.1
2020 01 03  7.2      0     4    6   1.3
2020 01 04  3.5  2.183   4.8  5.7   1.6
2020 01 05  0.1   4.05   3.4    5   2.3
2020 01 06  1.7      0   4.5    5   4.1
2020 01 07  0.3      0   3.6  5.8   0.5
2020 01 08  0.2      0   6.4    8   4.7
2020 01 09  5.5      0   5.8  8.6     2
2020 01 10 12.4  0.017   7.2  9.7   4.6
2020 01 11  0.4  0.733   4.4  4.9   3.8
2020 01 12    8      0     5  6.5   4.4
2020 01 13    0  1.783   5.3  6.9   3.8
2020 01 14  3.7    0.1   6.1    9   3.4
2020 01 15    0    5.5  10.1 12.1   5.7
2020 01 16    0  3.033   5.4    7     4
2020 01 17  1.1  7.317   5.1  6.7   3.9
2020 01 18    0   3.85   5.2  6.5   4.1
2020 01 19    0  2.333   4.2  5.3   2.4
2020 01 20    0      0   4.3  5.5   1.4
2020 01 21  0.3  0.367   5.2    6   4.5
2020 01 22  0.1  4.383   5.3  6.4   3.7
2020 01 23  0.5      0     4    5   0.3
2020 01 24  0.1      0   3.9  4.3   3.1
2020 01 25    1      0   4.3  4.7   3.5
2020 01 26  0.1      0   2.1  3.5     1
2020 01 27  2.2      0   3.3  5.3   0.8
2020 01 28  2.3  0.117   4.9  6.2   3.5
2020 01 29  3.5      0   4.3  5.4   3.3
2020 01 30  5.4      0     5  6.1   2.6
2020 01 31  2.5  0.167   6.9  8.4   5.2
2020 02 01  0.4      0   8.8 10.2   6.8
2020 02 02    0  4.667   5.3    7   3.9
2020 02 03  2.9  0.117   4.8  6.4   3.6
2020 02 04  1.9  3.633   4.2  5.2   2.9
2020 02 05    0  7.733   3.4  4.8     1
2020 02 06    0      0   5.4  6.1   4.4
2020 02 07    0  0.033   4.7  5.8   3.9
2020 02 08    0  6.917     5  7.1   3.9
2020 02 09  5.3    2.5   7.6 11.3   4.6
2020 02 10  3.3  0.533   5.5  7.8   2.8
2020 02 11  3.9    0.2   3.3  4.4   0.3
2020 02 12  4.8  0.017   3.2  4.5   0.6
2020 02 13    1    4.5   3.8  5.1   2.2
2020 02 14    0  6.233   3.7  6.4   1.4
2020 02 15    0  4.483   5.5  8.6   2.2
2020 02 16  6.4      0   9.5 14.2   6.4
2020 02 17  0.4  6.833   7.4  9.3   5.6
2020 02 18  0.2  4.467   5.4  6.3   4.5
2020 02 19    1  2.917     5  6.4   3.3
2020 02 20  3.5  2.017   4.5  6.5   1.5
2020 02 21  0.1  6.783   5.6  6.9   4.4
2020 02 22  1.7  0.033   6.3  8.2   2.6
2020 02 23    3      0   4.7  5.9   3.5
2020 02 24  3.8   4.15   4.6  5.4   2.9
2020 02 25  0.2  3.383   5.1  7.8   2.9
2020 02 26  4.2    2.7   2.8  4.8     1
2020 02 27  1.9  1.517   2.2  4.2   0.5
2020 02 28  0.5   4.95   3.7  6.2     2
2020 02 29  0.9      0   4.6  8.7   2.4
2020 03 01    0   3.35   5.2  8.3   3.3
2020 03 02  2.4      4   4.6  6.6   3.8
2020 03 03  3.4      0   4.6  5.6   3.8
2020 03 04    0    4.5   4.1  6.4   2.3
2020 03 05    0  1.183   3.6  4.9   1.9
2020 03 06  4.6      0   4.3  5.1   3.5
2020 03 07    0    0.9   4.1  5.5   1.1
2020 03 08    0  2.017   5.2  8.4   0.8
2020 03 09    0  1.183   6.3  8.8   3.2
2020 03 10 10.9  0.533   5.5  8.9   3.1
2020 03 11  0.4 10.183   6.7  8.2     5
2020 03 12  1.5  5.617   6.5 10.3   2.9
2020 03 13  0.2  1.983   4.5  7.3   2.6
2020 03 14    0   11.4   3.3  5.5   1.3
2020 03 15    0  6.783   6.3 10.6   2.9
2020 03 16    0  2.917     7 10.4   3.4
2020 03 17    0    4.5   7.2 10.7   3.3
2020 03 18  1.2  0.217   8.3 10.5   6.6
2020 03 19    0  9.033     6  7.9   3.4
2020 03 20    0  4.083   5.1    7   2.5
2020 03 21    0 11.417   3.7  5.8   2.1
2020 03 22    0    9.7   2.9  5.3   1.5
2020 03 23    0 12.033   2.2    4   0.3
2020 03 24    0 11.483   3.4  6.4  -1.2
2020 03 25    0  10.25     4  6.7   1.4
2020 03 26    0 11.983   5.1  6.7   3.7
2020 03 27    0 11.717   5.6  7.6   3.8
2020 03 28  1.5 11.667   5.6  8.2   3.5
2020 03 29  0.4      8   3.2  5.2   1.2
2020 03 30  0.4   5.35   3.2  6.5     1
2020 03 31    0 11.817   2.7  5.2  -0.6
2020 04 01  0.2  0.967   5.3  6.8   3.8
2020 04 02  0.4  3.783   6.8 10.6   4.4
2020 04 03    0 10.683   5.5  7.7   3.8
2020 04 04    0  5.383   5.6  9.7   2.9
2020 04 05    0 12.783   6.9 11.4   2.8
2020 04 06    0 12.783   9.8 15.6   5.7
2020 04 07    0 11.933    10 13.1   7.4
2020 04 08    0 12.267     9 11.7   6.4
2020 04 09    0   10.6     8 10.2   4.7
2020 04 10    0   12.4   6.3  8.3   4.3
2020 04 11    0   10.7     7  9.6   4.2
2020 04 12    0 12.283  11.9   18   6.6
2020 04 13    0   10.9   5.7  7.7   3.5
2020 04 14    0  12.75     6  7.8   3.7
2020 04 15    0      9   8.2 11.3     6
2020 04 16    0     11   8.3 11.5   6.1
2020 04 17    0 13.683   7.3  9.8   5.3
2020 04 18    0   10.4   7.3 10.4   4.6
2020 04 19    0 14.083   7.3  9.7     5
2020 04 20    0 14.167   8.3 12.1   4.7
2020 04 21    0 14.267     8  9.8   5.6
2020 04 22    0  14.35     8 10.4     6
2020 04 23    0  13.55    11 16.4   6.4
2020 04 24    0 11.417  10.7 14.6   7.1
2020 04 25    0 11.067   8.7 11.7   6.4
2020 04 26    0 11.667   8.2 12.3   4.2
2020 04 27    0 12.967   9.1 12.3     5
2020 04 28  0.2  8.367   9.8 11.7   8.3
2020 04 29  0.6      0   7.5  8.9   6.6
2020 04 30  2.9  1.867     9 13.1   6.9
2020 05 01  1.8  6.283   9.8 14.3   7.6
2020 05 02    0  8.233   9.3 12.3   6.8
2020 05 03    0 11.783   9.6 13.4   6.7
2020 05 04    0 10.767   8.8 11.5   6.1
2020 05 05    0   8.55     8   11   6.6
2020 05 06    0 14.567   9.5 11.2   7.6
2020 05 07    0 11.033   9.9 13.3   8.1
2020 05 08    0 10.433  10.7   15   7.9
2020 05 09    0 10.033  12.4 16.3   8.7
2020 05 10  0.8    9.2  13.7 20.9   8.5
2020 05 11    0    4.7   7.6  9.5   6.5
2020 05 12  4.9  8.033   7.2 11.2   4.7
2020 05 13  0.1  6.967     7 10.3   4.5
2020 05 14    0 14.817   8.2 10.1   5.4
2020 05 15  0.1  4.783   8.8 11.5     5
2020 05 16    0  8.567  10.3 13.3   7.9
2020 05 17  0.7  7.917  11.2   15   8.5
2020 05 18  2.9      0  10.9 11.6   9.9
2020 05 19    1  7.517  11.2 14.1   7.5
2020 05 20    0 15.483  10.3 12.8   7.7
2020 05 21    0 13.917  11.8 15.7   7.7
2020 05 22  0.8  8.083  13.1 15.8  11.3
2020 05 23  0.1    1.7  12.4 17.8   9.1
2020 05 24  1.6  4.333  11.5 14.7   8.5
2020 05 25    0   8.05  11.6 14.6   9.3
2020 05 26    0 13.817  10.9 13.2   9.3
2020 05 27    0  9.267    13 17.6   8.4
2020 05 28    0 15.067  12.5 16.2    10
2020 05 29    0 15.617  13.2 16.5   9.8
2020 05 30    0  10.45  13.2 15.3  11.5
2020 05 31    0 15.617  13.6 15.9  11.9
2020 06 01    0  16.05  14.9 18.5  11.7
2020 06 02    0  14.15  15.7   20  12.1
2020 06 03    0 15.917  13.2 15.6  11.3
2020 06 04  6.8     10  14.1 16.4    12
2020 06 05  5.9  8.383    13 15.1   9.6
2020 06 06    0  9.267  11.9 16.8   8.9
2020 06 07    0  6.933  14.4 18.8   8.9
2020 06 08    0 14.433  13.2 16.4   9.4
2020 06 09    0 16.317  14.9 18.6  10.7
2020 06 10    0  4.867  14.2 16.7  12.2
2020 06 11    0  0.033  14.1 15.2  13.2
2020 06 12    0      0  13.8 14.5  13.3
2020 06 13    0  7.183  14.9 16.9  13.6
2020 06 14    0 16.683  15.4 17.6  13.2
2020 06 15    0 15.683    16 19.7  12.8
2020 06 16    0 14.267  18.1 23.2  12.6
2020 06 17    0 15.083  16.3 19.5  14.4
2020 06 18    0  7.367  16.2 18.4  14.2
2020 06 19  0.8  0.033    16 17.8  14.9
2020 06 20  7.7      0  16.1   17  15.6
2020 06 21  0.5      0    16 17.2  15.2
2020 06 22    0  12.95  17.3 19.9  15.1
2020 06 23    0 13.167    17 19.3    15
2020 06 24    0  16.35  17.9 20.7    15
2020 06 25    0  13.75  18.5 21.6  15.9
2020 06 26  0.1 13.583  19.5 21.7  17.7
2020 06 27    0   12.6  19.7 21.7  17.8
2020 06 28   10   6.65  19.6 24.5  16.3
2020 06 29   13  8.533  17.8   22    14
2020 06 30  0.5  3.083  16.2 19.5  14.1
2020 07 01    0  12.85  17.3 20.9    14
2020 07 02    0   10.7  17.4   21    15
2020 07 03    1  5.817  16.5 19.2    15
2020 07 04  4.7  0.033  16.5 18.2  15.1
2020 07 05  0.4  2.783  17.9   21  14.5
2020 07 06  0.4 10.333  15.4 17.8  13.1
2020 07 07  4.5    6.8  14.4   19  10.7
2020 07 08    0     11  14.5   17  12.3
2020 07 09  5.6  3.133  13.6 16.9  12.1
2020 07 10 12.5    1.5  12.9 14.2  11.4
2020 07 11  0.4 12.033  14.7 17.5  12.3
2020 07 12    0  8.183  14.9 17.1  12.9
2020 07 13    0 11.733  15.3 17.8  12.5
2020 07 14  4.8  9.317  16.7 20.5    12
2020 07 15  5.4   0.55  14.9 16.4  13.4
2020 07 16    0     12  16.4 18.7    14
2020 07 17    0  12.55  17.6 20.2  15.7
2020 07 18    0 15.167  18.7   21  16.2
2020 07 19    0 10.917  19.9 22.5  16.7
2020 07 20  0.2  8.017  17.8 19.6  15.8
2020 07 21    0     11  15.9 18.7  14.1
2020 07 22    0 15.117  15.8 18.2  13.3
2020 07 23  1.1 12.983  16.2 19.6  14.1
2020 07 24  0.6  5.517  17.1 20.7  14.6
2020 07 25    0  10.75  17.7   21    15
2020 07 26  5.2  4.567  18.4   24  14.8
2020 07 27 12.3  7.683  17.4 20.8  13.3
2020 07 28  1.3  7.217  18.6   22  15.1
2020 07 29  0.6  4.767  15.5 18.6  13.3
2020 07 30    0  5.217  16.1 18.7  14.1
2020 07 31    0  7.733  15.6 18.1  13.9
2020 08 01 11.4 13.733  17.7 20.6  14.3
2020 08 02  0.9  1.367  17.7 20.1  15.7
2020 08 03    0   11.9  16.9 19.8  14.6
2020 08 04    0 13.667  16.8 19.4  13.6
2020 08 05    0   10.2  19.8   26  12.9
2020 08 06    0  14.85  20.7 24.5  17.8
2020 08 07    0  14.25  20.7 23.1    19
2020 08 08    0 12.633  21.7 25.2    19
2020 08 09    0   10.9  21.7 23.8  19.8
2020 08 10    0 13.567    21 24.1  18.7
2020 08 11    0 13.967  19.3 21.3  17.8
2020 08 12    0 14.233  18.9 20.8  17.3
2020 08 13    0  14.45  18.9   21  17.2
2020 08 14    0 13.233  20.3 22.9  17.5
2020 08 15    0 13.683  21.4 24.1  19.5
2020 08 16    0   13.7  22.1 25.9  19.1
2020 08 17    0  13.95  22.1 24.9  19.7
2020 08 18    0  9.883  20.9 24.8  18.5
2020 08 19 29.9  5.267  19.7 22.3    16
2020 08 20  1.9   0.45  20.7 23.4  18.8
2020 08 21 23.5      2  21.3 26.2  18.7
2020 08 22    0  4.133  20.8 23.8  17.1
2020 08 23    0  9.417  18.1 21.5  16.1
2020 08 24 15.4  2.133    16 18.5  14.1
2020 08 25  2.9  7.367    16 18.5  13.3
2020 08 26   19    0.6  16.7 18.2  15.4
2020 08 27 28.8  1.867  16.2 18.7  12.7
2020 08 28  0.8    0.6  15.6 18.4  13.6
2020 08 29    0 12.317  16.9 19.8  13.9
2020 08 30    0 10.567  17.1 20.3  13.2
2020 08 31    0 12.333    17 19.1  14.8
2020 09 01  4.3  9.883  16.4 18.1  13.9
2020 09 02  6.2  1.717  16.3 18.4  14.4
2020 09 03  0.8  7.733    17 19.9  14.3
2020 09 04    0    7.2  17.1 19.8  14.5
2020 09 05  2.3    5.2  15.7 17.9  12.8
2020 09 06  1.6      4    14 16.9  11.8
2020 09 07    0 10.367  14.6 17.2  12.7
2020 09 08    0   2.15  16.2 19.3  13.7
2020 09 09  1.5  1.717  17.2 21.7  14.7
2020 09 10    0    9.5  14.3 16.5  10.7
2020 09 11    0  5.317  14.7 18.3    11
2020 09 12  0.1  9.067  15.7 19.8  11.9
2020 09 13    0   3.75  16.3 21.4  12.9
2020 09 14    0 11.583  18.5 23.7    15
2020 09 15    0 10.017    20 24.6  17.1
2020 09 16    0 10.967  17.9 21.4  13.7
2020 09 17    0   11.9  13.4 15.2  11.5
2020 09 18    0 12.167  13.5 16.2    11
2020 09 19    0    9.8  13.7 16.9   9.2
2020 09 20    0   11.2  15.4 18.2  12.7
2020 09 21    0 11.317    16   20  13.2
2020 09 22    0   11.2  16.9 20.7  11.8
2020 09 23    0 10.417  17.6 22.4  12.9
2020 09 24    0  5.033  16.6 19.3  13.4
2020 09 25 12.4   0.15  14.9 16.9  12.3
2020 09 26 11.5  2.917  14.7 17.3  12.1
2020 09 27  0.8  0.883    14 17.9  11.4
2020 09 28    0  5.667  13.3 15.9  11.1
2020 09 29    0  8.267    15 17.7  12.8
2020 09 30    0  9.283  15.3 17.8  12.8
2020 10 01    0  0.117  15.2 16.4  13.6
2020 10 02    0  3.917  15.3 16.8  14.4
2020 10 03  4.4  5.117  15.4 16.5  14.5
2020 10 04  0.7  1.017  14.2 16.1    11
2020 10 05    0  6.817  14.3 16.7  11.4
2020 10 06  0.5  4.183  12.1 14.4   9.4
2020 10 07    0    1.9    12 14.8  10.5
2020 10 08  4.6   0.55  11.8 13.9  10.6
2020 10 09    0  6.933    13 15.1  11.1
2020 10 10    0  2.833    10 12.5   7.2
2020 10 11    0  6.117   8.5 12.4   5.8
2020 10 12  0.8  4.767   9.3 12.7   6.5
2020 10 13  0.6  4.017  10.8 13.8   7.2
2020 10 14  5.8      0  10.9 11.9   9.3
2020 10 15    0  0.017    10   11   9.1
2020 10 16  2.5   5.35  10.5 12.1   9.3
2020 10 17  0.4  1.483   9.9 11.7   8.6
2020 10 18    0  6.033  10.1 11.3   8.9
2020 10 19    0  6.267   9.3 11.5   8.1
2020 10 20  0.2      0   9.4   11   7.4
2020 10 21    1      0  11.8 14.5   9.8
2020 10 22    0  5.467  14.4 16.7  12.5
2020 10 23    0  3.633  11.4 13.3   8.8
2020 10 24    0    1.8  11.6 13.5   9.4
2020 10 25  0.1  1.383  12.9   14  11.8
2020 10 26  4.1      0  10.9 11.9   8.7
2020 10 27    0  2.033   9.4 11.6   8.1
2020 10 28  1.6   3.25  10.1   13   8.1
2020 10 29  1.7  0.217   9.9 10.9   8.8
2020 10 30 10.1      0   9.1 10.6   7.1
2020 10 31  1.2    2.1  12.1 14.4  10.5
2020 11 01    1   1.95  12.3 13.8  11.1
2020 11 02  1.2    1.5  15.5 17.9  11.9
2020 11 03    0  4.683  10.2   12   7.8
2020 11 04    0  2.967   8.9 11.1   6.1
2020 11 05    0  0.517  10.3 11.4   9.2
2020 11 06  0.3      0  11.1 11.5  10.1
2020 11 07    0  2.117   8.7 10.5   5.9
2020 11 08    0  1.383   9.3 10.9   7.6
2020 11 09    0      0   7.9    9   6.9
2020 11 10    0      0   6.7  7.9   5.2
2020 11 11    0      0   5.3  5.7   4.8
2020 11 12    1      0   6.9  8.9   5.2
2020 11 13  0.5  1.183     8 10.3   5.6
2020 11 14  0.1      0   9.4 10.7   7.3
2020 11 15  0.1  3.633  10.6 11.6   9.3
2020 11 16  0.2  2.933   9.6 11.1   8.4
2020 11 17  1.4      0   9.7 11.6   7.4
2020 11 18    0      0  10.6 11.6     9
2020 11 19    1  2.083   8.7 11.3   5.6
2020 11 20  0.2  5.733   6.3  7.8   3.5
2020 11 21  2.9      0   4.9  7.9   3.2
2020 11 22  7.5    1.5   8.6  9.8   6.4
2020 11 23    0  5.133   8.1  8.8     6
2020 11 24    0    0.2     6  7.1   4.1
2020 11 25    0  1.467   3.4  6.4   1.1
2020 11 26  0.9   0.25   6.2  8.8   2.9
2020 11 27    0  5.433   6.5  8.9   3.3
2020 11 28  1.8  2.967   5.5  6.8   3.7
2020 11 29  2.9      0   3.8  5.4   2.2
2020 11 30  0.2  0.317     2  3.1   0.9
2020 12 01    0   0.05   3.5  4.5   2.3
2020 12 02    0  0.467   3.5  4.8   1.2
2020 12 03    0      0   0.2  1.4  -0.9
2020 12 04    0      0   2.7  5.1   0.6
2020 12 05    0  1.883     5  6.8   2.9
2020 12 06    0   1.25   7.3  8.5   5.1
2020 12 07  0.6  0.467   5.9  7.5   5.3
2020 12 08    0      0     4  5.6   2.1
2020 12 09    0      0   2.8  3.6   1.2
2020 12 10    0      0     1  1.6  -0.1
2020 12 11    0      0   0.5  2.2  -0.6
2020 12 12    0   0.05   3.3  3.9   1.4
2020 12 13    0      0   2.3  4.2  -0.7
2020 12 14  1.4      0   3.6  5.8   0.2
2020 12 15  2.4  0.467   5.4    7   4.8
2020 12 16    0    2.2   6.7  8.7   5.1
2020 12 17  0.7      0   6.2  7.3   5.4
2020 12 18    0  3.833   6.3    8   4.3
2020 12 19    0  4.617   3.7  4.8   1.8
2020 12 20  9.2    0.1   3.9  4.6   3.5
2020 12 21  0.7  0.167   4.8    6   3.7
2020 12 22  8.1      0   6.1  9.1   4.3
2020 12 23 10.1      0   4.4  6.3   2.6
2020 12 24  4.9      0   3.9  5.2   2.3
2020 12 25    0    3.7     3  3.9   1.8
2020 12 26    0  0.183   2.4  3.5     1
2020 12 27    0  0.133   2.5    3   1.8
2020 12 28    0      0   3.1  3.6   2.3
2020 12 29    0      0   2.5  3.8   1.3
2020 12 30    0    1.8   3.2  4.1   2.5
2020 12 31    0  1.483     3  4.2   1.8
